924351020
920566847
936412564
930097187
923156062
980615790
928787052
923746579
956365996
992081759
930830739
928257371
932081512
994934058
921694199
929589092
823162812
914741246
983439365
996066266
988538442
927716941
815892232
965353046
915254217
991164227
929165039
834739852
934393090
924961945
919927046
991265171
936048684
921251238
984023804
823041772
993742244
934409612
914829097
928781763
999533914
936861970
989248332
923469494
976466306
895152102
918984518
921155182
935439035
988989002
918520163
922253641
915984320
990786542
992654767
835888452
925716294
921017871
982677432
914848369
932746611
832255432
935683947
998823269
916242905
921173520
921127030
990469385
926799347
997639588
933252906
936575714
920174124
824533202
914738857
930792764
925572683
923187758
980449289
930349933
952953842
996284115
934936299
932037319
924366044
897538482
934170830
926591975
964132704
912546853
933173984
934958144
836056302
935541476
930352462
829011522
815242882
998039223
925397121
911768577
