812686542
814492842
815013832
815242882
815243552
815525302
815892232
816135362
816877512
818145292
818265042
818409982
819233632
819607052
819985162
819991782
820072332
820591852
820890752
822363652
822774512
823041772
823162812
824010862
824533202
824701652
824809852
824824592
826136642
826159952
826194472
826327782
826331232
826850302
826916362
827301272
827364592
827399582
827652962
827657522
827839752
828032402
828518992
828632272
828966332
829011522
829030012
829255812
829381842
829776782
830595872
831144602
831319402
831328932
831713402
832255432
833942662
833983202
834635232
834739852
834967502
835648532
835888452
836056302
836597052
840880192
846543732
851217932
858000742
866526362
878646762
879421322
879974402
880441752
884039452
886308922
887254702
889007842
889059192
889183322
889251182
889453672
891043082
891182082
894042222
894090502
895152102
895255742
897538482
898001652
898468992
899136012
910402722
911564386
911592355
911647605
911755297
911764644
911768577
911886545
911959178
912000877
912054985
912089290
912113396
912120015
912162877
912348431
912478432
912513955
912546853
912580121
912681912
912745414
913128834
913157982
913194721
913266013
913294718
913349849
913359763
913485831
913541340
913549937
913569334
913599578
913863941
913982789
914004861
914139031
914217989
914286085
914529441
914534275
914717892
914720958
914738857
914741246
914829097
914848369
915020941
915083293
915117511
915127045
915140432
915244092
915254217
915291600
915354416
915462014
915543014
915623565
915635369
915766161
915860265
915984320
916039220
916155204
916228848
916242905
916244347
916248326
916309317
916473567
916507496
916518277
916530218
916594925
916607393
916616481
916674406
916763271
916787790
916840187
916918127
916960441
916990413
917014108
917019886
917218951
917231273
917364982
917384428
917412839
917427046
917427941
917431833
917446377
917485348
917580871
917583358
917717273
917797927
917823758
917994943
918045457
918143688
918194622
918265120
918412344
918453547
918492542
918520163
918533257
918561811
918571671
918670211
918707336
918745548
918869263
918886915
918929894
918935576
918954015
918984518
919006226
919041250
919061847
919276878
919289597
919290048
919336684
919436778
919440740
919441879
919483067
919520787
919529563
919557648
919568798
919625325
919662085
919823623
919927046
919927550
920008909
920132383
920141250
920174124
920178251
920191002
920222919
920283276
920332994
920377181
920401759
920448704
920566847
920624871
920652697
920664245
920675778
920696457
920699898
920755399
920794513
920830382
920844553
920901948
921017871
921021461
921127030
921155182
921173520
921196261
921251238
921380542
921441142
921493169
921513577
921567502
921634994
921643284
921694199
921811373
921816847
921820925
921848749
921880596
921961197
921966342
922078432
922086699
922090319
922170029
922173222
922253641
922336458
922361738
922376263
922378355
922698805
922760470
922830053
922884269
922950148
922955298
922981868
922982295
923031480
923156062
923170553
923187758
923194002
923240306
923243925
923469494
923532781
923545980
923746579
923789065
923790675
923848320
924058218
924063262
924115165
924200774
924303824
924312912
924351020
924366044
924379448
924414189
924462930
924505214
924530375
924581425
924640189
924693754
924699078
924731508
924756128
924779667
924792116
924839392
924869801
924927070
924956399
924961945
925098825
925122009
925141232
925166162
925171298
925178136
925231142
925243337
925297771
925322490
925327298
925353582
925362441
925365033
925374288
925397121
925469858
925493155
925512052
925512362
925537292
925540250
925554936
925572683
925716294
925741787
925748641
925777900
925817899
925832928
925900273
925912824
926027514
926114565
926283154
926310402
926324373
926324519
926364715
926370588
926376934
926379798
926424475
926458787
926476130
926489909
926579398
926590464
926591975
926645579
926647199
926681915
926717235
926799126
926799347
926819763
926828878
926844288
926858521
926915894
926917501
926942905
927033275
927044110
927062062
927081423
927126117
927128896
927136538
927148250
927167298
927173352
927191423
927226685
927352427
927410842
927421526
927441683
927477084
927488884
927557037
927562294
927608251
927715651
927716941
927727854
927826615
927829983
927865653
927944618
927949113
928040003
928052257
928082911
928094766
928183076
928199959
928201139
928203115
928206785
928257371
928272729
928299759
928310884
928326683
928427404
928568008
928602796
928608360
928695913
928724514
928775429
928775496
928781763
928782670
928787052
928787222
928795063
928858421
928869571
928875628
928913376
928966135
928970736
928980235
928990524
929002733
929045688
929066340
929073878
929090853
929126025
929164547
929165039
929178793
929194616
929241231
929383281
929419375
929495853
929530632
929589092
929599500
929718879
929931076
929955633
930033111
930081779
930097187
930185744
930190063
930309567
930312312
930339504
930349933
930352462
930564389
930711780
930792764
930830739
930904767
931002155
931021451
931035576
931081268
931175114
931192914
931369431
931391488
931401718
931408356
931415654
931470566
931498312
931570668
931616714
931622021
931628038
931628402
931690450
931755005
931761110
931789007
931856960
931858068
931861581
931875574
931922696
931962817
931979108
931992333
932004879
932037319
932062887
932080257
932081512
932164884
932192853
932194937
932236044
932328836
932353741
932376326
932567768
932584697
932592363
932594099
932605872
932683237
932692694
932739941
932746611
932770504
932794276
932828693
932839075
932912058
932912317
932915596
932950227
933018083
933030954
933032973
933041212
933071731
933173984
933208222
933243850
933251195
933252906
933261778
933264106
933270084
933276694
933305473
933326608
933327779
933335739
933336557
933344886
933356310
933402673
933406040
933430669
933451550
933461793
933474224
933519643
933520889
933583813
933584232
933673278
933673642
933724689
933737934
933758230
933774759
933775747
933790762
933823814
933882322
933900371
933925862
933983528
934001745
934058143
934094700
934099400
934147286
934153596
934170830
934177045
934178890
934195299
934216687
934271807
934308158
934364740
934393090
934409612
934409663
934437861
934438906
934454200
934466950
934536673
934566823
934592735
934598601
934611756
934740009
934746198
934746805
934857062
934900723
934936299
934936760
934940121
934957709
934958144
934967348
934983394
935082218
935095247
935113253
935129850
935152259
935234794
935328055
935328977
935412994
935439035
935467438
935486645
935487536
935518121
935537991
935541476
935577926
935610893
935637651
935665876
935676800
935683947
935729211
935764254
935807042
935816688
935828899
935837499
935839491
935847672
935872782
935938171
935942969
935966329
936034470
936048684
936075207
936086942
936120121
936164854
936234593
936261213
936367348
936374921
936412564
936531679
936575714
936652387
936697119
936697534
936797083
936861970
936862888
936866409
936909795
936914381
937009437
937032447
937083084
937322968
937577087
937715080
938390762
939181636
939194428
939297669
940456584
940598117
941710824
942528086
946066699
946633267
947218565
948267586
948319683
948525704
948732173
950444843
951516791
951678333
951968935
952006304
952321633
952430475
952953842
953349469
954049922
954825280
956365996
956914221
957199437
958759452
959989788
960624610
960699394
961336260
961563194
961750911
963649738
964132704
964527768
965262180
965353046
966639555
970173587
970187588
970450076
970896880
971254572
971526025
971579447
971582022
974486709
974906430
975374424
975847861
975955540
975965988
976142241
976295315
976466306
976574346
976585585
976784073
977049229
977107385
977124786
977131987
977458412
978703798
979185588
979273606
979327471
979358806
979380267
979420862
979494912
979535341
979581238
979607008
979691386
980058611
980323811
980373320
980378136
980423506
980449289
980509257
980615790
980626210
980880257
981165284
981242009
981925009
981992466
982305713
982433452
982542189
982677432
982839521
983043291
983439365
983541666
984023804
984031467
984094280
984281145
984528701
984797737
984919492
984988915
985057044
985066736
985096112
985282129
985690014
986159177
986241604
986537872
986771832
986871845
986934219
987002646
987314230
987378867
987397225
987530723
987586184
987634057
987825294
987884940
987995076
988021083
988024511
988069779
988103381
988350567
988387517
988408492
988506311
988538442
988573124
988630632
988657808
988744298
988829951
988878154
988883255
988885169
988902187
988951501
988967327
988969621
988989002
988989355
989026488
989034782
989035169
989050346
989070177
989098691
989116576
989144308
989156667
989172212
989174754
989206753
989215825
989240021
989248332
989419919
989525921
989560166
989977687
990044694
990108579
990142041
990280916
990283214
990299501
990348529
990352585
990469385
990517347
990634289
990704090
990786542
990915393
991058192
991078754
991164227
991265171
991297421
991403078
991422137
991435255
991497234
991827358
991831320
991866906
991941150
991985298
992010681
992028505
992055405
992060131
992081759
992097299
992204095
992254645
992286938
992311460
992328770
992377518
992384239
992395524
992544864
992583711
992654767
992657421
992721669
992814942
992837977
992843330
992941286
992969202
993080853
993111147
993312983
993349518
993364193
993486043
993617512
993742244
993937185
993941735
993996432
994106457
994267221
994307142
994405667
994415093
994445561
994469398
994503707
994701088
994808311
994824805
994934058
995064413
995141450
995247496
995412918
995573830
995603926
995748479
996066266
996270998
996284115
996442810
996467775
996557200
996814173
996883140
997015304
997024133
997104749
997158547
997289595
997396561
997485335
997521773
997549856
997639588
997768442
997882946
998005809
998013615
998032628
998039223
998334349
998425301
998436486
998473705
998582628
998617510
998811120
998823269
998854458
999003001
999093701
999173012
999179169
999229883
999244459
999533914
999551734
999581730
999608361
